0 0.0003197193145751953
1 0.00046634674072265625
2 0.0004496574401855469
3 0.0006871223449707031
4 0.00034999847412109375
5 0.0003578662872314453
6 0.0005908012390136719
7 0.0004799365997314453
8 0.0004730224609375
9 0.0004551410675048828
10 0.0005340576171875
11 0.00037217140197753906
12 0.0006077289581298828
13 0.0005726814270019531
14 0.0004799365997314453
15 0.0002994537353515625
16 0.0006377696990966797
17 0.0003440380096435547
18 0.0005364418029785156
19 0.0004451274871826172
20 0.0005800724029541016
21 0.0004019737243652344
22 0.00037670135498046875
23 0.0003211498260498047
24 0.0004379749298095703
25 0.0008113384246826172
26 0.0004181861877441406
27 0.00038695335388183594
28 0.0005135536193847656
29 0.0004703998565673828
30 0.0006103515625
31 0.0005848407745361328
32 0.0006232261657714844
33 0.0003781318664550781
34 0.0006055831909179688
35 0.00042176246643066406
36 0.0007102489471435547
37 0.0006878376007080078
38 0.0006864070892333984
39 0.0005342960357666016
40 0.0005297660827636719
41 0.0005800724029541016
42 0.000469207763671875
43 0.00029587745666503906
44 0.0003268718719482422
45 0.0005552768707275391
46 0.0006549358367919922
47 0.0003712177276611328
48 0.0005831718444824219
49 0.0006928443908691406
50 0.0005934238433837891
51 0.0003409385681152344
52 0.00037670135498046875
53 0.0005991458892822266
54 0.00044035911560058594
55 0.0003943443298339844
56 0.0009338855743408203
57 0.0006270408630371094
58 0.00035262107849121094
59 0.000667572021484375
60 0.0005624294281005859
61 0.0003809928894042969
62 0.0006144046783447266
63 0.0005917549133300781
64 0.0005724430084228516
65 0.0006842613220214844
66 0.0005128383636474609
67 0.0004367828369140625
68 0.00029778480529785156
69 0.0004131793975830078
70 0.0005388259887695312
71 0.00028443336486816406
72 0.00033783912658691406
73 0.0006103515625
74 0.0003612041473388672
75 0.0003609657287597656
76 0.0005784034729003906
77 0.000667572021484375
78 0.0003829002380371094
79 0.0005004405975341797
80 0.00033926963806152344
81 0.00041794776916503906
82 0.0004799365997314453
83 0.0005316734313964844
84 0.00046443939208984375
85 0.0003418922424316406
86 0.0006430149078369141
87 0.0010304450988769531
88 0.0007245540618896484
89 0.0005686283111572266
90 0.0004487037658691406
91 0.0004973411560058594
92 0.0006124973297119141
93 0.0005443096160888672
94 0.0005090236663818359
95 0.0005371570587158203
96 0.0003314018249511719
97 0.0005519390106201172
98 0.0004038810729980469
99 0.000667572021484375
100 0.00048470497131347656
101 0.0005249977111816406
102 0.0003750324249267578
103 0.0007925033569335938
104 0.0003185272216796875
105 0.0002677440643310547
106 0.0006394386291503906
107 0.0005428791046142578
108 0.0005207061767578125
109 0.0003314018249511719
110 0.0005052089691162109
111 0.0005524158477783203
112 0.0005853176116943359
113 0.0002849102020263672
114 0.0003840923309326172
115 0.0004303455352783203
116 0.0005469322204589844
117 0.0004010200500488281
118 0.00046133995056152344
119 0.0006115436553955078
120 0.0007932186126708984
121 0.0006186962127685547
122 0.00039124488830566406
123 0.00031375885009765625
124 0.0003387928009033203
125 0.0003960132598876953
126 0.0005245208740234375
127 0.00038242340087890625
128 0.0003886222839355469
129 0.00034332275390625
130 0.0003800392150878906
131 0.0004661083221435547
132 0.00041604042053222656
133 0.0003399848937988281
134 0.0006737709045410156
135 0.0006053447723388672
136 0.00026702880859375
137 0.00041675567626953125
138 0.0003840923309326172
139 0.0003066062927246094
140 0.0007655620574951172
141 0.0003790855407714844
142 0.0005137920379638672
143 0.00037097930908203125
144 0.0007052421569824219
145 0.0006394386291503906
146 0.0006465911865234375
147 0.0003612041473388672
148 0.0003561973571777344
149 0.0007243156433105469
150 0.00042366981506347656
151 0.0005781650543212891
152 0.0003323554992675781
153 0.0010476112365722656
154 0.0005884170532226562
155 0.00109100341796875
156 0.00046443939208984375
157 0.0005788803100585938
158 0.00038743019104003906
159 0.0005295276641845703
160 0.0006246566772460938
161 0.0003662109375
162 0.0005164146423339844
163 0.0006690025329589844
164 0.0003750324249267578
165 0.0005578994750976562
166 0.0005919933319091797
167 0.0005128383636474609
168 0.0005059242248535156
169 0.0003685951232910156
170 0.0002944469451904297
171 0.0003476142883300781
172 0.0007569789886474609
173 0.0006132125854492188
174 0.0003643035888671875
175 0.0009596347808837891
176 0.0005586147308349609
177 0.00034880638122558594
178 0.0003745555877685547
179 0.0003314018249511719
180 0.0006389617919921875
181 0.00037384033203125
182 0.00035953521728515625
183 0.0006842613220214844
184 0.0005688667297363281
185 0.0004508495330810547
186 0.0006508827209472656
187 0.0005269050598144531
188 0.00035500526428222656
189 0.00040721893310546875
190 0.0006003379821777344
191 0.0006191730499267578
192 0.00042128562927246094
193 0.0006434917449951172
194 0.0006725788116455078
195 0.0005021095275878906
196 0.0004734992980957031
197 0.0005507469177246094
198 0.0005817413330078125
199 0.0003490447998046875
200 0.0006222724914550781
201 0.0005514621734619141
202 0.0005238056182861328
203 0.0003330707550048828
204 0.00039696693420410156
205 0.00045752525329589844
206 0.00036406517028808594
207 0.0005900859832763672
208 0.0004374980926513672
209 0.0003402233123779297
210 0.0003180503845214844
211 0.00051116943359375
212 0.0005612373352050781
213 0.000484466552734375
214 0.0006837844848632812
215 0.0004131793975830078
216 0.000457763671875
217 0.00035381317138671875
218 0.0003762245178222656
219 0.00038623809814453125
220 0.0003790855407714844
221 0.0004937648773193359
222 0.0005636215209960938
223 0.00044274330139160156
224 0.00045943260192871094
225 0.0003731250762939453
226 0.0005145072937011719
227 0.0007264614105224609
228 0.0006701946258544922
229 0.00035309791564941406
230 0.00045180320739746094
231 0.0004801750183105469
232 0.0005440711975097656
233 0.00039458274841308594
234 0.0005612373352050781
235 0.0003407001495361328
236 0.000579833984375
237 0.0003247261047363281
238 0.0002918243408203125
239 0.0004239082336425781
240 0.0005259513854980469
241 0.0004444122314453125
242 0.00046372413635253906
243 0.0005948543548583984
244 0.0006511211395263672
245 0.00034356117248535156
246 0.0005247592926025391
247 0.0008144378662109375
248 0.0006580352783203125
249 0.0004782676696777344
250 0.0010361671447753906
251 0.0009813308715820312
252 0.0005738735198974609
253 0.0003414154052734375
254 0.0006511211395263672
255 0.0006437301635742188
256 0.0003581047058105469
257 0.0003592967987060547
258 0.0006036758422851562
259 0.0004355907440185547
260 0.000942230224609375
261 0.00047326087951660156
262 0.00038623809814453125
263 0.0004477500915527344
264 0.0006597042083740234
265 0.0006489753723144531
266 0.0005021095275878906
267 0.00033402442932128906
268 0.0006530284881591797
269 0.0004661083221435547
270 0.00032782554626464844
271 0.00047016143798828125
272 0.00038051605224609375
273 0.0005474090576171875
274 0.0003757476806640625
275 0.0005884170532226562
276 0.0008096694946289062
277 0.0004367828369140625
278 0.0004284381866455078
279 0.0005190372467041016
280 0.0004138946533203125
281 0.0006098747253417969
282 0.0006275177001953125
283 0.00046062469482421875
284 0.0005333423614501953
285 0.00032067298889160156
286 0.0003445148468017578
287 0.0006296634674072266
288 0.0004017353057861328
289 0.0003609657287597656
290 0.0004265308380126953
291 0.00037407875061035156
292 0.0005769729614257812
293 0.000560760498046875
294 0.0009677410125732422
295 0.00030922889709472656
296 0.0006291866302490234
297 0.00031256675720214844
298 0.0009758472442626953
299 0.0005407333374023438
300 0.0002760887145996094
301 0.00033545494079589844
302 0.0006546974182128906
303 0.0005362033843994141
304 0.000400543212890625
305 0.0003383159637451172
306 0.0003268718719482422
307 0.0005283355712890625
308 0.0007202625274658203
309 0.0004911422729492188
310 0.0005142688751220703
311 0.0005576610565185547
312 0.0004279613494873047
313 0.0006492137908935547
314 0.00035834312438964844
315 0.0005345344543457031
316 0.0003705024719238281
317 0.0006759166717529297
318 0.00061798095703125
319 0.0004467964172363281
320 0.001107931137084961
321 0.00044274330139160156
322 0.0003666877746582031
323 0.000659942626953125
324 0.00030612945556640625
325 0.0005357265472412109
326 0.0018649101257324219
327 0.00041294097900390625
328 0.0005507469177246094
329 0.0006322860717773438
330 0.0004534721374511719
331 0.0004668235778808594
332 0.0003502368927001953
333 0.0006380081176757812
334 0.0004296302795410156
335 0.0007245540618896484
336 0.0006103515625
337 0.0006926059722900391
338 0.000553131103515625
339 0.0004210472106933594
340 0.0008227825164794922
341 0.0003705024719238281
342 0.0004532337188720703
343 0.0003032684326171875
344 0.0005400180816650391
345 0.0005424022674560547
346 0.0004642009735107422
347 0.0003097057342529297
348 0.00043320655822753906
349 0.00047516822814941406
350 0.00028705596923828125
351 0.00034499168395996094
352 0.0003509521484375
353 0.0011332035064697266
354 0.0005502700805664062
355 0.0006237030029296875
356 0.0005383491516113281
357 0.00046634674072265625
358 0.0003542900085449219
359 0.0003261566162109375
360 0.0003962516784667969
361 0.000978708267211914
362 0.0006556510925292969
363 0.0005028247833251953
364 0.0006282329559326172
365 0.0004467964172363281
366 0.0006210803985595703
367 0.0005643367767333984
368 0.0004649162292480469
369 0.0006189346313476562
370 0.0006818771362304688
371 0.0003342628479003906
372 0.0005397796630859375
373 0.0005977153778076172
374 0.00038886070251464844
375 0.0006055831909179688
376 0.0007436275482177734
377 0.0005114078521728516
378 0.0010690689086914062
379 0.0010814666748046875
380 0.0005316734313964844
381 0.00048232078552246094
382 0.0006985664367675781
383 0.0003509521484375
384 0.0005180835723876953
385 0.0003707408905029297
386 0.0005841255187988281
387 0.00040268898010253906
388 0.0006041526794433594
389 0.0005905628204345703
390 0.0003387928009033203
391 0.0003349781036376953
392 0.00047707557678222656
393 0.0003685951232910156
394 0.0003185272216796875
395 0.0007734298706054688
396 0.00036144256591796875
397 0.0007185935974121094
398 0.0004284381866455078
399 0.0003616809844970703
400 0.0006468296051025391
401 0.00040602684020996094
402 0.0004127025604248047
403 0.0003762245178222656
404 0.0006239414215087891
405 0.0003342628479003906
406 0.00038695335388183594
407 0.0003132820129394531
408 0.0003457069396972656
409 0.00029397010803222656
410 0.00043082237243652344
411 0.0004677772521972656
412 0.0005183219909667969
413 0.0006535053253173828
414 0.0005519390106201172
415 0.00030040740966796875
416 0.000682830810546875
417 0.0005147457122802734
418 0.00077056884765625
419 0.0004191398620605469
420 0.0004565715789794922
421 0.0002923011779785156
422 0.0005438327789306641
423 0.0003845691680908203
424 0.0003914833068847656
425 0.0003101825714111328
426 0.0005335807800292969
427 0.0006849765777587891
428 0.0005767345428466797
429 0.0003790855407714844
430 0.0006990432739257812
431 0.000324249267578125
432 0.00041174888610839844
433 0.0003662109375
434 0.0003437995910644531
435 0.0006392002105712891
436 0.000335693359375
437 0.0003807544708251953
438 0.0006461143493652344
439 0.0006399154663085938
440 0.0005190372467041016
441 0.00038051605224609375
442 0.00045800209045410156
443 0.0005724430084228516
444 0.0006384849548339844
445 0.0006017684936523438
446 0.0003161430358886719
447 0.0004055500030517578
448 0.00039768218994140625
449 0.00081634521484375
450 0.0005671977996826172
451 0.0005459785461425781
452 0.0005810260772705078
453 0.0007989406585693359
454 0.0004787445068359375
455 0.0005345344543457031
456 0.0003414154052734375
457 0.0011553764343261719
458 0.00037550926208496094
459 0.0005195140838623047
460 0.0006680488586425781
461 0.0006349086761474609
462 0.0003294944763183594
463 0.00032901763916015625
464 0.0003917217254638672
465 0.00044608116149902344
466 0.0003237724304199219
467 0.0008780956268310547
468 0.0005784034729003906
469 0.00042247772216796875
470 0.0004949569702148438
471 0.0003867149353027344
472 0.0003516674041748047
473 0.0004792213439941406
474 0.0004913806915283203
475 0.0003383159637451172
476 0.00036716461181640625
477 0.0005412101745605469
478 0.00046753883361816406
479 0.0004062652587890625
480 0.0006170272827148438
481 0.0004703998565673828
482 0.00039315223693847656
483 0.0005691051483154297
484 0.00045990943908691406
485 0.0002760887145996094
486 0.0004470348358154297
487 0.0005283355712890625
488 0.0004639625549316406
489 0.0003247261047363281
490 0.000408172607421875
491 0.00040602684020996094
492 0.00046062469482421875
493 0.00040721893310546875
494 0.0005543231964111328
495 0.00046515464782714844
496 0.0003407001495361328
497 0.0005340576171875
498 0.00033783912658691406
499 0.00040149688720703125