0 0.0007002353668212891
1 0.0003440380096435547
2 0.0006248950958251953
3 0.0003235340118408203
4 0.0006315708160400391
5 0.00044727325439453125
6 0.0004980564117431641
7 0.0004067420959472656
8 0.0003383159637451172
9 0.0006172657012939453
10 0.0002818107604980469
11 0.0007078647613525391
12 0.0003619194030761719
13 0.00038242340087890625
14 0.0003349781036376953
15 0.00029087066650390625
16 0.0009617805480957031
17 0.0004265308380126953
18 0.00048470497131347656
19 0.0003960132598876953
20 0.000423431396484375
21 0.00039839744567871094
22 0.0006222724914550781
23 0.00040340423583984375
24 0.0005621910095214844
25 0.0005779266357421875
26 0.00045228004455566406
27 0.00037980079650878906
28 0.0004191398620605469
29 0.0004467964172363281
30 0.0005965232849121094
31 0.0005507469177246094
32 0.0005247592926025391
33 0.0005960464477539062
34 0.00042629241943359375
35 0.0003688335418701172
36 0.0003674030303955078
37 0.0005023479461669922
38 0.0004191398620605469
39 0.0003025531768798828
40 0.0003991127014160156
41 0.0004546642303466797
42 0.0003657341003417969
43 0.0005650520324707031
44 0.00040221214294433594
45 0.0005753040313720703
46 0.00044608116149902344
47 0.0003066062927246094
48 0.0003936290740966797
49 0.0006234645843505859
50 0.0002846717834472656
51 0.0005929470062255859
52 0.0005977153778076172
53 0.00048351287841796875
54 0.00048089027404785156
55 0.0005288124084472656
56 0.0008594989776611328
57 0.0005650520324707031
58 0.0008559226989746094
59 0.0006632804870605469
60 0.0005056858062744141
61 0.0004954338073730469
62 0.000308990478515625
63 0.00033164024353027344
64 0.0005807876586914062
65 0.000385284423828125
66 0.0005033016204833984
67 0.0005867481231689453
68 0.0006170272827148438
69 0.0005185604095458984
70 0.00031113624572753906
71 0.000308990478515625
72 0.0005590915679931641
73 0.0005228519439697266
74 0.0005388259887695312
75 0.0003476142883300781
76 0.0003819465637207031
77 0.00038051605224609375
78 0.00031685829162597656
79 0.0005135536193847656
80 0.00039315223693847656
81 0.0003306865692138672
82 0.0004525184631347656
83 0.0003190040588378906
84 0.0004723072052001953
85 0.0003407001495361328
86 0.0003879070281982422
87 0.0005927085876464844
88 0.0004024505615234375
89 0.0004112720489501953
90 0.0005481243133544922
91 0.0004253387451171875
92 0.0006957054138183594
93 0.0006344318389892578
94 0.0004620552062988281
95 0.0004127025604248047
96 0.000461578369140625
97 0.0004398822784423828
98 0.0003752708435058594
99 0.0005269050598144531
100 0.00034880638122558594
101 0.00046563148498535156
102 0.0005521774291992188
103 0.00035691261291503906
104 0.0003523826599121094
105 0.0011856555938720703
106 0.0006103515625
107 0.0006160736083984375
108 0.0005712509155273438
109 0.0003991127014160156
110 0.0004458427429199219
111 0.0005941390991210938
112 0.0003814697265625
113 0.00040912628173828125
114 0.0010228157043457031
115 0.00034308433532714844
116 0.0006792545318603516
117 0.0004019737243652344
118 0.0005090236663818359
119 0.0004112720489501953
120 0.0005745887756347656
121 0.0006093978881835938
122 0.0005750656127929688
123 0.00048828125
124 0.0004267692565917969
125 0.0005176067352294922
126 0.0004932880401611328
127 0.0006272792816162109
128 0.0006251335144042969
129 0.0003426074981689453
130 0.0006623268127441406
131 0.0005879402160644531
132 0.0005011558532714844
133 0.0003371238708496094
134 0.0005216598510742188
135 0.00042939186096191406
136 0.00033974647521972656
137 0.0006461143493652344
138 0.0004298686981201172
139 0.0003483295440673828
140 0.0005154609680175781
141 0.0002510547637939453
142 0.0004982948303222656
143 0.0004203319549560547
144 0.00037860870361328125
145 0.0002987384796142578
146 0.0003705024719238281
147 0.0005087852478027344
148 0.00045490264892578125
149 0.0002810955047607422
150 0.00033593177795410156
151 0.0004565715789794922
152 0.0012636184692382812
153 0.0005128383636474609
154 0.0004367828369140625
155 0.0005636215209960938
156 0.0003612041473388672
157 0.00047779083251953125
158 0.0004677772521972656
159 0.0006089210510253906
160 0.0006208419799804688
161 0.0003101825714111328
162 0.00029730796813964844
163 0.0006251335144042969
164 0.0006909370422363281
165 0.0003707408905029297
166 0.00037932395935058594
167 0.0002999305725097656
168 0.0003795623779296875
169 0.00027370452880859375
170 0.0003020763397216797
171 0.0005636215209960938
172 0.0003261566162109375
173 0.0005059242248535156
174 0.0003981590270996094
175 0.00036406517028808594
176 0.0005774497985839844
177 0.0004000663757324219
178 0.0004112720489501953
179 0.00037360191345214844
180 0.0006034374237060547
181 0.0007097721099853516
182 0.0005984306335449219
183 0.0003223419189453125
184 0.0006339550018310547
185 0.00034880638122558594
186 0.0005331039428710938
187 0.0004305839538574219
188 0.0005545616149902344
189 0.00038361549377441406
190 0.00038695335388183594
191 0.0005290508270263672
192 0.00032448768615722656
193 0.0004057884216308594
194 0.00035762786865234375
195 0.0004515647888183594
196 0.00042700767517089844
197 0.0005757808685302734
198 0.0005619525909423828
199 0.0003883838653564453
200 0.0005197525024414062
201 0.0003294944763183594
202 0.0003578662872314453
203 0.0006160736083984375
204 0.0003802776336669922
205 0.0003733634948730469
206 0.0006043910980224609
207 0.00045418739318847656
208 0.0003566741943359375
209 0.0005199909210205078
210 0.0003781318664550781
211 0.0005280971527099609
212 0.0006651878356933594
213 0.0006666183471679688
214 0.0003216266632080078
215 0.0004029273986816406
216 0.0005877017974853516
217 0.0005421638488769531
218 0.0005462169647216797
219 0.0004210472106933594
220 0.00044655799865722656
221 0.00031638145446777344
222 0.0005481243133544922
223 0.000400543212890625
224 0.0004439353942871094
225 0.00036215782165527344
226 0.0005753040313720703
227 0.0004267692565917969
228 0.0004277229309082031
229 0.0003147125244140625
230 0.0005624294281005859
231 0.0004987716674804688
232 0.000652313232421875
233 0.0005681514739990234
234 0.00039315223693847656
235 0.0004115104675292969
236 0.0005125999450683594
237 0.0004029273986816406
238 0.00042128562927246094
239 0.000408172607421875
240 0.0005469322204589844
241 0.0006039142608642578
242 0.0004677772521972656
243 0.0004248619079589844
244 0.0005810260772705078
245 0.0003380775451660156
246 0.0004904270172119141
247 0.0008270740509033203
248 0.0006670951843261719
249 0.0006213188171386719
250 0.00043892860412597656
251 0.0004305839538574219
252 0.00047516822814941406
253 0.0006659030914306641
254 0.0005087852478027344
255 0.00042819976806640625
256 0.0005581378936767578
257 0.0003254413604736328
258 0.0006134510040283203
259 0.00039005279541015625
260 0.0004124641418457031
261 0.0007102489471435547
262 0.0003535747528076172
263 0.00046634674072265625
264 0.0004265308380126953
265 0.00038051605224609375
266 0.0006301403045654297
267 0.00040984153747558594
268 0.0007166862487792969
269 0.00038433074951171875
270 0.0002694129943847656
271 0.00034332275390625
272 0.0004706382751464844
273 0.0006334781646728516
274 0.00049591064453125
275 0.0006172657012939453
276 0.0004444122314453125
277 0.0003418922424316406
278 0.00057220458984375
279 0.0004124641418457031
280 0.00040841102600097656
281 0.0003380775451660156
282 0.0004992485046386719
283 0.0003769397735595703
284 0.00045013427734375
285 0.0006251335144042969
286 0.0003535747528076172
287 0.000408172607421875
288 0.0005221366882324219
289 0.00036454200744628906
290 0.0006275177001953125
291 0.0005381107330322266
292 0.0004899501800537109
293 0.0003635883331298828
294 0.0003783702850341797
295 0.0005645751953125
296 0.0007410049438476562
297 0.00046825408935546875
298 0.00035309791564941406
299 0.0003612041473388672
300 0.0007171630859375
301 0.0004918575286865234
302 0.0006406307220458984
303 0.0004885196685791016
304 0.0003974437713623047
305 0.0003020763397216797
306 0.0005333423614501953
307 0.00042891502380371094
308 0.0005218982696533203
309 0.0004019737243652344
310 0.00032901763916015625
311 0.0005414485931396484
312 0.0005002021789550781
313 0.00064849853515625
314 0.0005719661712646484
315 0.0005576610565185547
316 0.0007417201995849609
317 0.0010001659393310547
318 0.0007693767547607422
319 0.0004620552062988281
320 0.00032806396484375
321 0.0004405975341796875
322 0.0003421306610107422
323 0.0006260871887207031
324 0.0004189014434814453
325 0.000446319580078125
326 0.00031495094299316406
327 0.00032329559326171875
328 0.0005421638488769531
329 0.0004725456237792969
330 0.0006124973297119141
331 0.0006337165832519531
332 0.0005059242248535156
333 0.000568389892578125
334 0.0006453990936279297
335 0.0003662109375
336 0.00029969215393066406
337 0.0005621910095214844
338 0.0005645751953125
339 0.0004177093505859375
340 0.0004394054412841797
341 0.0003578662872314453
342 0.0005140304565429688
343 0.0005767345428466797
344 0.0005967617034912109
345 0.000492095947265625
346 0.0005540847778320312
347 0.0003745555877685547
348 0.00032329559326171875
349 0.0003781318664550781
350 0.0004134178161621094
351 0.0005078315734863281
352 0.0006115436553955078
353 0.0003383159637451172
354 0.0007054805755615234
355 0.0005872249603271484
356 0.00043964385986328125
357 0.0003447532653808594
358 0.00033020973205566406
359 0.0003895759582519531
360 0.0010099411010742188
361 0.00036835670471191406
362 0.0003635883331298828
363 0.00036454200744628906
364 0.0006482601165771484
365 0.0004277229309082031
366 0.0006997585296630859
367 0.0003428459167480469
368 0.0003578662872314453
369 0.00045418739318847656
370 0.0004639625549316406
371 0.0003879070281982422
372 0.0005970001220703125
373 0.0005743503570556641
374 0.0005557537078857422
375 0.0004794597625732422
376 0.0006563663482666016
377 0.000453948974609375
378 0.0005359649658203125
379 0.0004901885986328125
380 0.0004298686981201172
381 0.0003578662872314453
382 0.0005056858062744141
383 0.0003693103790283203
384 0.0006384849548339844
385 0.00037550926208496094
386 0.0005707740783691406
387 0.0003383159637451172
388 0.0007414817810058594
389 0.0004112720489501953
390 0.0005855560302734375
391 0.00036406517028808594
392 0.000377655029296875
393 0.0005300045013427734
394 0.0004067420959472656
395 0.00037789344787597656
396 0.0005407333374023438
397 0.0007519721984863281
398 0.0006608963012695312
399 0.0003933906555175781
400 0.0005502700805664062
401 0.0003631114959716797
402 0.0005004405975341797
403 0.00042128562927246094
404 0.00032329559326171875
405 0.00047779083251953125
406 0.0006351470947265625
407 0.0004487037658691406
408 0.0006153583526611328
409 0.0007104873657226562
410 0.0005373954772949219
411 0.0004086494445800781
412 0.0003247261047363281
413 0.0003559589385986328
414 0.0005223751068115234
415 0.0003783702850341797
416 0.00041747093200683594
417 0.0006177425384521484
418 0.0004978179931640625
419 0.0005195140838623047
420 0.0004904270172119141
421 0.00032448768615722656
422 0.0005168914794921875
423 0.0003070831298828125
424 0.0007905960083007812
425 0.0002899169921875
426 0.00034737586975097656
427 0.0004398822784423828
428 0.00046372413635253906
429 0.00028228759765625
430 0.00027179718017578125
431 0.0005075931549072266
432 0.0004341602325439453
433 0.0005412101745605469
434 0.0006299018859863281
435 0.00037097930908203125
436 0.0006487369537353516
437 0.00039267539978027344
438 0.0006551742553710938
439 0.0006184577941894531
440 0.0005681514739990234
441 0.0004074573516845703
442 0.0003955364227294922
443 0.00032711029052734375
444 0.00047087669372558594
445 0.00028395652770996094
446 0.0004513263702392578
447 0.0003311634063720703
448 0.00031757354736328125
449 0.00040841102600097656
450 0.0005147457122802734
451 0.00048470497131347656
452 0.0005691051483154297
453 0.0004303455352783203
454 0.0007433891296386719
455 0.0004911422729492188
456 0.0005016326904296875
457 0.0006248950958251953
458 0.0006046295166015625
459 0.00037097930908203125
460 0.0003254413604736328
461 0.0004942417144775391
462 0.00034046173095703125
463 0.0004899501800537109
464 0.0005838871002197266
465 0.0009567737579345703
466 0.0004334449768066406
467 0.0007200241088867188
468 0.0005295276641845703
469 0.0004723072052001953
470 0.0005702972412109375
471 0.0003910064697265625
472 0.0005781650543212891
473 0.0003783702850341797
474 0.0005099773406982422
475 0.00038361549377441406
476 0.0006668567657470703
477 0.0003800392150878906
478 0.000518798828125
479 0.00033926963806152344
480 0.0006473064422607422
481 0.0005457401275634766
482 0.0005249977111816406
483 0.0005257129669189453
484 0.0005457401275634766
485 0.0005526542663574219
486 0.0007715225219726562
487 0.00042319297790527344
488 0.0003402233123779297
489 0.00031280517578125
490 0.0005505084991455078
491 0.0005168914794921875
492 0.00029921531677246094
493 0.00039005279541015625
494 0.0004200935363769531
495 0.0005242824554443359
496 0.0005159378051757812
497 0.0005652904510498047
498 0.0005695819854736328
499 0.00032138824462890625
average_time_to_stop:0.00048264169692993164