0 1.8072435855865479
1 1.0276820659637451
2 0.8783299922943115
3 0.8687565326690674
4 0.8937699794769287
5 1.1503713130950928
6 0.8962299823760986
7 1.0354013442993164
8 1.1477015018463135
9 0.7476961612701416
10 0.8891165256500244
11 0.8794412612915039
12 0.8884532451629639
13 1.2460613250732422
14 0.8686113357543945
15 0.8738744258880615
16 0.8872265815734863
17 0.8802392482757568
18 0.6347184181213379
19 1.1436755657196045
20 1.021010160446167
21 0.8905632495880127
22 1.144519567489624
23 1.1550252437591553
24 1.1129052639007568
25 1.2110538482666016
26 0.9067027568817139
27 0.7464871406555176
28 1.1757421493530273
29 1.0101828575134277
30 0.8761918544769287
31 1.1339375972747803
32 1.154944658279419
33 1.2434937953948975
34 1.1790752410888672
35 0.8961365222930908
36 1.131892442703247
37 1.262643814086914
38 0.881382942199707
39 0.7525453567504883
40 0.7494814395904541
41 0.6141712665557861
42 0.8644106388092041
43 1.196120262145996
44 1.0077283382415771
45 0.8676044940948486
46 0.8803987503051758
47 0.878788948059082
48 0.8600666522979736
49 0.8839595317840576
50 1.040834903717041
51 1.1209497451782227
52 0.8768911361694336
53 1.020988941192627
54 0.9003922939300537
55 0.7540125846862793
56 1.1479966640472412
57 1.1556904315948486
58 1.1371395587921143
59 1.0392467975616455
60 1.0409913063049316
61 1.1276037693023682
62 1.1381828784942627
63 0.878432035446167
64 0.8967747688293457
65 0.6285321712493896
66 0.906686544418335
67 1.1091113090515137
68 1.1514065265655518
69 0.9974079132080078
70 1.00062894821167
71 1.2044427394866943
72 0.8837907314300537
73 1.1624488830566406
74 1.201831340789795
75 0.8988397121429443
76 1.0443546772003174
77 0.871814489364624
78 0.8710918426513672
79 1.1885173320770264
80 0.7643647193908691
81 1.1200084686279297
82 0.8942515850067139
83 0.7476608753204346
84 1.119060754776001
85 1.1496303081512451
86 0.8858349323272705
87 1.1297848224639893
88 1.161527395248413
89 0.8858551979064941
90 1.024888038635254
91 0.8801302909851074
92 0.8582239151000977
93 0.8885369300842285
94 1.0158867835998535
95 0.9008357524871826
96 0.736215353012085
97 1.2913062572479248
98 1.1360576152801514
99 0.7561471462249756
100 1.1548731327056885
101 0.9056944847106934
102 1.1411244869232178
103 0.8917629718780518
104 0.8497028350830078
105 0.8942129611968994
106 0.8908779621124268
107 0.8796265125274658
108 0.8948299884796143
109 0.8844313621520996
110 1.2462799549102783
111 1.2090566158294678
112 1.177755355834961
113 0.8870489597320557
114 1.2382819652557373
115 0.8895120620727539
116 0.749072790145874
117 1.0146150588989258
118 0.9253668785095215
119 1.0763161182403564
120 1.163283109664917
121 1.256589651107788
122 0.8789627552032471
123 1.0270051956176758
124 1.3385939598083496
125 0.9854068756103516
126 0.913794755935669
127 1.6395323276519775
128 0.8911490440368652
129 1.0127568244934082
130 1.017742395401001
131 0.8661313056945801
132 1.1364295482635498
133 1.0135705471038818
134 0.8923721313476562
135 0.9235877990722656
136 0.8827450275421143
137 0.7552547454833984
138 0.9082379341125488
139 1.2624974250793457
140 1.156177043914795
141 1.2716689109802246
142 1.2238068580627441
143 1.0267860889434814
144 1.1470534801483154
145 0.8871574401855469
146 1.1555140018463135
147 1.0234110355377197
148 0.8952789306640625
149 0.9906814098358154
150 1.007066011428833
151 0.8914098739624023
152 0.9025683403015137
153 0.8867354393005371
154 0.8752501010894775
155 0.873610258102417
156 0.8823559284210205
157 0.9050042629241943
158 0.8916153907775879
159 0.892427921295166
160 1.0549981594085693
161 0.8950803279876709
162 1.0274240970611572
163 0.7469675540924072
164 0.8748750686645508
165 1.1296424865722656
166 0.8981537818908691
167 1.0437767505645752
168 0.8895523548126221
169 1.2155177593231201
170 0.9839980602264404
171 1.1117572784423828
172 0.883544921875
173 0.9113113880157471
174 0.8861908912658691
175 1.1241233348846436
176 1.251375436782837
177 0.7408144474029541
178 1.1162850856781006
179 1.131995677947998
180 0.8607916831970215
181 0.9035835266113281
182 1.2344446182250977
183 1.1432068347930908
184 0.8632843494415283
185 0.8796567916870117
186 0.8875269889831543
187 1.0173115730285645
188 1.164034366607666
189 1.037160873413086
190 1.614380121231079
191 1.1405284404754639
192 1.1409971714019775
193 1.185300588607788
194 1.0287878513336182
195 0.901576042175293
196 0.8814847469329834
197 0.8963966369628906
198 0.8861868381500244
199 1.1381688117980957
200 0.7678701877593994
201 0.8943674564361572
202 1.024928331375122
203 1.2382068634033203
204 0.87662672996521
205 1.137845754623413
206 1.0328311920166016
207 1.1419055461883545
208 0.8964805603027344
209 0.885967493057251
210 1.2205517292022705
211 0.9909720420837402
212 0.8749682903289795
213 0.9093129634857178
214 1.0204129219055176
215 1.1181509494781494
216 0.8784868717193604
217 1.195694923400879
218 0.8592610359191895
219 1.146280288696289
220 0.8889930248260498
221 0.9131443500518799
222 0.9972329139709473
223 0.881373405456543
224 1.2141191959381104
225 0.8698451519012451
226 0.880507230758667
227 1.2178127765655518
228 0.8797683715820312
229 0.8993275165557861
230 0.8824362754821777
231 0.9143147468566895
232 1.1599509716033936
233 1.1381735801696777
234 1.0112965106964111
235 1.2309372425079346
236 1.2182087898254395
237 1.1519122123718262
238 0.9854180812835693
239 0.8806726932525635
240 1.207777976989746
241 0.8920423984527588
242 1.0220060348510742
243 0.8845162391662598
244 1.1723785400390625
245 0.8881528377532959
246 0.8760976791381836
247 1.0303726196289062
248 0.8827974796295166
249 1.2944655418395996
250 1.1404962539672852
251 1.1494114398956299
252 1.166874885559082
253 0.7425336837768555
254 0.8593933582305908
255 0.8703515529632568
256 0.8870406150817871
257 1.1276776790618896
258 1.2587530612945557
259 1.200406551361084
260 1.2304801940917969
261 1.0630924701690674
262 1.2882983684539795
263 1.0345587730407715
264 0.8738279342651367
265 1.1257212162017822
266 0.9101407527923584
267 0.8889145851135254
268 0.8904175758361816
269 0.8703927993774414
270 1.0010130405426025
271 0.8708658218383789
272 0.8663434982299805
273 0.8863096237182617
274 1.0028884410858154
275 1.2344696521759033
276 0.869952917098999
277 0.8666112422943115
278 0.9117958545684814
279 0.881974458694458
280 1.0229105949401855
281 0.8922626972198486
282 0.7298541069030762
283 1.0082511901855469
284 1.0429024696350098
285 0.8764307498931885
286 1.017199993133545
287 1.1343984603881836
288 0.8802540302276611
289 0.754849910736084
290 1.147916316986084
291 0.7548708915710449
292 1.2795219421386719
293 1.2397940158843994
294 0.8886990547180176
295 0.9141354560852051
296 0.8998727798461914
297 0.8866987228393555
298 0.9181013107299805
299 1.0266354084014893
300 1.0266532897949219
301 1.2072734832763672
302 0.9083678722381592
303 0.8873345851898193
304 1.146423578262329
305 0.8600738048553467
306 1.141319751739502
307 1.0201396942138672
308 0.8877508640289307
309 1.009430170059204
310 1.129225492477417
311 1.099165439605713
312 1.0187010765075684
313 0.8705329895019531
314 1.1139683723449707
315 0.996039628982544
316 0.8804683685302734
317 1.1344668865203857
318 0.9914679527282715
319 0.8877065181732178
320 0.9050993919372559
321 1.0123834609985352
322 1.0132839679718018
323 0.880620002746582
324 0.8870577812194824
325 0.8938477039337158
326 1.1301195621490479
327 0.8694562911987305
328 1.2231011390686035
329 0.8982903957366943
330 1.2236664295196533
331 0.9147210121154785
332 1.0221455097198486
333 1.1478803157806396
334 1.072707176208496
335 0.8632748126983643
336 1.1432318687438965
337 1.003544569015503
338 1.2381715774536133
339 1.2206149101257324
340 0.9181723594665527
341 1.1296634674072266
342 0.8589699268341064
343 0.8604309558868408
344 1.0260992050170898
345 0.8947069644927979
346 0.8911416530609131
347 1.0304553508758545
348 1.11720871925354
349 0.9042391777038574
350 0.737194299697876
351 0.9031820297241211
352 0.8812029361724854
353 0.8892972469329834
354 0.8924925327301025
355 0.8550670146942139
356 0.9085569381713867
357 1.2270596027374268
358 0.9082632064819336
359 1.127241849899292
360 0.7382831573486328
361 1.2126505374908447
362 1.2371160984039307
363 0.8858702182769775
364 1.1663122177124023
365 0.7546851634979248
366 1.0147559642791748
367 0.8810126781463623
368 0.8944127559661865
369 1.2832999229431152
370 1.0299208164215088
371 1.0496177673339844
372 0.8785521984100342
373 0.8747456073760986
374 1.2788255214691162
375 1.154930591583252
376 0.858893871307373
377 0.8682568073272705
378 0.8892121315002441
379 1.022374153137207
380 1.2202751636505127
381 0.7472524642944336
382 1.2864553928375244
383 0.7477939128875732
384 0.8851702213287354
385 1.026489019393921
386 0.8976790904998779
387 1.16009521484375
388 1.134779453277588
389 1.0232503414154053
390 1.1841835975646973
391 0.8820948600769043
392 1.0077192783355713
393 0.8681015968322754
394 0.8681371212005615
395 1.279090166091919
396 0.8614144325256348
397 0.884706974029541
398 0.8692543506622314
399 1.2092247009277344
400 0.9232966899871826
401 0.8661682605743408
402 1.3064377307891846
403 0.8958742618560791
404 1.0446107387542725
405 1.1082162857055664
406 0.899895191192627
407 1.0061066150665283
408 0.8853433132171631
409 0.713871955871582
410 1.2022788524627686
411 1.1333653926849365
412 1.143951177597046
413 0.899423360824585
414 1.2084259986877441
415 1.1304774284362793
416 1.1261234283447266
417 0.8563041687011719
418 1.1166191101074219
419 1.2076537609100342
420 0.8838889598846436
421 1.1208672523498535
422 0.9005801677703857
423 0.8993957042694092
424 0.8784492015838623
425 0.9179501533508301
426 1.0302729606628418
427 1.0057120323181152
428 1.0126490592956543
429 0.883880615234375
430 0.9195585250854492
431 0.7610218524932861
432 0.8880679607391357
433 0.9721910953521729
434 1.2900285720825195
435 1.2280523777008057
436 1.0056219100952148
437 0.8843340873718262
438 1.1377804279327393
439 1.0245051383972168
440 1.1234946250915527
441 1.0294370651245117
442 0.7608315944671631
443 1.2550175189971924
444 0.895991325378418
445 1.2340638637542725
446 0.8827950954437256
447 1.247013807296753
448 1.2214243412017822
449 1.0115466117858887
450 1.1638357639312744
451 0.8861923217773438
452 0.8928306102752686
453 1.223663330078125
454 0.8833627700805664
455 1.1155178546905518
456 0.8772878646850586
457 0.9155964851379395
458 0.8893280029296875
459 1.0927050113677979
460 0.8902866840362549
461 0.8755178451538086
462 1.157588005065918
463 1.0442380905151367
464 1.0268678665161133
465 1.1549997329711914
466 1.1277470588684082
467 0.9025170803070068
468 1.007936716079712
469 1.015467882156372
470 0.9065306186676025
471 1.192234754562378
472 0.8872690200805664
473 0.7368307113647461
474 1.2272861003875732
475 1.043593406677246
476 1.038252830505371
477 0.7516615390777588
478 0.8666081428527832
479 1.0212187767028809
480 1.0220234394073486
481 0.8879475593566895
482 0.8647298812866211
483 0.8832657337188721
484 0.8736298084259033
485 1.2942168712615967
486 1.0199494361877441
487 1.154022455215454
488 0.8844583034515381
489 1.0251798629760742
490 1.0105071067810059
491 0.8942184448242188
492 1.2219078540802002
493 1.125093698501587
494 0.8583598136901855
495 1.024827003479004
496 1.1757590770721436
497 0.8959767818450928
498 1.0502936840057373
499 0.8811180591583252