0 1.0877747535705566
1 0.8742444515228271
2 0.9008691310882568
3 0.8618464469909668
4 1.0915684700012207
5 0.7620539665222168
6 0.8284385204315186
7 1.128244161605835
8 0.8680293560028076
9 1.1248905658721924
10 0.8864655494689941
11 1.1978726387023926
12 1.2942254543304443
13 1.0297462940216064
14 0.851193904876709
15 1.2136902809143066
16 0.874351978302002
17 1.2166001796722412
18 0.9245114326477051
19 0.8873631954193115
20 1.0205016136169434
21 1.2139406204223633
22 0.8930659294128418
23 0.7279183864593506
24 1.2741978168487549
25 0.9789071083068848
26 0.9188392162322998
27 1.1380853652954102
28 0.895355224609375
29 1.20975923538208
30 0.8861823081970215
31 1.2464025020599365
32 0.8946332931518555
33 0.8536360263824463
34 0.8942339420318604
35 0.8843913078308105
36 0.6879599094390869
37 0.9965996742248535
38 0.893836259841919
39 0.9772303104400635
40 0.8723576068878174
41 0.9457833766937256
42 1.1377921104431152
43 1.1438064575195312
44 0.8961169719696045
45 1.162365198135376
46 1.5769124031066895
47 0.7147576808929443
48 1.127612829208374
49 0.8484499454498291
50 0.8799972534179688
51 0.8651857376098633
52 0.736936092376709
53 0.8744716644287109
54 1.1462180614471436
55 0.8870303630828857
56 1.0491156578063965
57 1.1263232231140137
58 0.8903424739837646
59 0.9904825687408447
60 0.8419749736785889
61 1.0234732627868652
62 0.8374347686767578
63 0.9971468448638916
64 1.137986183166504
65 1.1126728057861328
66 0.8785984516143799
67 1.1258785724639893
68 1.2131421566009521
69 0.9686570167541504
70 1.231727123260498
71 0.9212212562561035
72 0.83127760887146
73 1.1864194869995117
74 1.0732886791229248
75 0.7094204425811768
76 0.8984968662261963
77 0.9193563461303711
78 0.8840532302856445
79 1.0002663135528564
80 1.1667776107788086
81 1.1451373100280762
82 0.9991250038146973
83 0.8507609367370605
84 1.1255805492401123
85 0.9069762229919434
86 1.1093714237213135
87 1.3391647338867188
88 1.1341595649719238
89 1.0129551887512207
90 1.1128911972045898
91 0.8687577247619629
92 1.0234856605529785
93 0.9950582981109619
94 0.8417761325836182
95 0.7311604022979736
96 1.0259122848510742
97 0.8730311393737793
98 0.9753198623657227
99 1.0932972431182861
100 0.8737246990203857
101 0.8771188259124756
102 1.0135834217071533
103 1.0260179042816162
104 0.8652875423431396
105 0.9220812320709229
106 0.7078425884246826
107 1.218651533126831
108 0.8555877208709717
109 1.2316932678222656
110 1.1858539581298828
111 0.8832483291625977
112 1.0144224166870117
113 1.039637565612793
114 1.2464039325714111
115 1.1305177211761475
116 1.225952386856079
117 1.0730957984924316
118 1.2415943145751953
119 1.018479347229004
120 0.9022667407989502
121 0.9036812782287598
122 1.217315435409546
123 1.1015217304229736
124 0.8640046119689941
125 0.9086289405822754
126 1.3178131580352783
127 1.0078771114349365
128 0.8601260185241699
129 0.8685660362243652
130 1.1688473224639893
131 1.1184477806091309
132 1.046036720275879
133 0.9009478092193604
134 0.8665485382080078
135 1.1128792762756348
136 0.8807957172393799
137 0.8657629489898682
138 1.1703770160675049
139 1.295964241027832
140 1.1350798606872559
141 1.0264980792999268
142 1.1320233345031738
143 1.2477493286132812
144 1.0418331623077393
145 0.8880527019500732
146 1.212299108505249
147 0.876136064529419
148 0.9840190410614014
149 0.9750361442565918
150 1.2323167324066162
151 0.8631706237792969
152 0.7311131954193115
153 0.8898015022277832
154 1.1341757774353027
155 0.9973089694976807
156 0.9869194030761719
157 1.0109763145446777
158 1.1432774066925049
159 0.8470971584320068
160 0.8975217342376709
161 0.9829726219177246
162 0.8710646629333496
163 0.5654892921447754
164 0.9812221527099609
165 1.1035921573638916
166 0.8671703338623047
167 0.9071030616760254
168 1.2423527240753174
169 1.17842698097229
170 0.8792519569396973
171 1.0871076583862305
172 1.1477842330932617
173 0.900684118270874
174 0.915778636932373
175 0.8653130531311035
176 1.2678215503692627
177 1.349135160446167
178 0.8875799179077148
179 1.1909091472625732
180 1.0734727382659912
181 0.9283199310302734
182 1.1626217365264893
183 0.9943113327026367
184 0.8423178195953369
185 1.1512291431427002
186 1.2066431045532227
187 1.0476577281951904
188 0.9750235080718994
189 0.8835010528564453
190 0.8416881561279297
191 0.7660925388336182
192 1.1886601448059082
193 0.8959074020385742
194 1.1220149993896484
195 1.1439886093139648
196 1.117659568786621
197 1.1827285289764404
198 1.0271339416503906
199 1.1789793968200684
200 1.1935663223266602
201 1.200000524520874
202 1.1366355419158936
203 0.9820120334625244
204 0.8537397384643555
205 1.1407575607299805
206 1.1882922649383545
207 1.0062706470489502
208 1.1514215469360352
209 1.3203792572021484
210 0.8732898235321045
211 0.8239884376525879
212 1.001722812652588
213 0.864128589630127
214 1.260361909866333
215 1.0175132751464844
216 0.8659102916717529
217 0.8810296058654785
218 1.2703101634979248
219 1.1172568798065186
220 0.8917531967163086
221 0.8739843368530273
222 1.1307237148284912
223 0.9323091506958008
224 1.0399410724639893
225 0.8691473007202148
226 0.8818409442901611
227 0.8586344718933105
228 1.2024359703063965
229 1.003840446472168
230 0.980144739151001
231 0.8745338916778564
232 1.225165605545044
233 1.014920711517334
234 0.8711516857147217
235 1.1731297969818115
236 0.8338601589202881
237 0.8872969150543213
238 0.8529489040374756
239 0.8506133556365967
240 1.1294443607330322
241 0.8680152893066406
242 1.2444937229156494
243 1.1979875564575195
244 0.8975675106048584
245 1.3484082221984863
246 0.843775749206543
247 1.0484340190887451
248 0.9002113342285156
249 0.9074995517730713
250 1.0403237342834473
251 0.8705658912658691
252 0.8938255310058594
253 0.895988941192627
254 1.1343586444854736
255 1.132086992263794
256 0.8921353816986084
257 1.2230768203735352
258 0.8369948863983154
259 1.1985499858856201
260 0.8734121322631836
261 1.1082661151885986
262 1.1503472328186035
263 1.2645070552825928
264 0.8497352600097656
265 1.0009195804595947
266 1.0039992332458496
267 0.8657352924346924
268 1.1459546089172363
269 1.0154080390930176
270 0.8401889801025391
271 0.722989559173584
272 1.178386926651001
273 0.9813449382781982
274 1.1091909408569336
275 1.126230239868164
276 1.1081957817077637
277 1.2636103630065918
278 0.8944313526153564
279 1.019343376159668
280 0.8384459018707275
281 1.15504789352417
282 0.727161169052124
283 1.2773783206939697
284 0.855828046798706
285 0.9278466701507568
286 1.1341700553894043
287 1.1314623355865479
288 1.11441969871521
289 0.8502926826477051
290 1.5962190628051758
291 0.898749828338623
292 0.8884153366088867
293 1.2371821403503418
294 1.1973459720611572
295 0.8433973789215088
296 1.0511529445648193
297 0.8682465553283691
298 1.0216059684753418
299 1.2507753372192383
300 1.216160774230957
301 1.1036815643310547
302 0.9024133682250977
303 1.078301191329956
304 0.8832769393920898
305 1.111419439315796
306 0.8645009994506836
307 0.833392858505249
308 0.9639284610748291
309 1.551853895187378
310 0.8467833995819092
311 1.0183796882629395
312 1.002467393875122
313 0.8870551586151123
314 0.8699049949645996
315 0.8741838932037354
316 1.0982587337493896
317 0.9169185161590576
318 0.8770875930786133
319 0.8882827758789062
320 0.9007327556610107
321 0.8488719463348389
322 1.2904205322265625
323 1.1082425117492676
324 1.227259635925293
325 1.070774793624878
326 1.1233124732971191
327 1.3110854625701904
328 0.7388656139373779
329 1.0979440212249756
330 0.9999244213104248
331 0.7396063804626465
332 1.2026565074920654
333 1.015172004699707
334 0.8704969882965088
335 0.8667263984680176
336 1.105560302734375
337 0.7143650054931641
338 1.1520230770111084
339 0.7501330375671387
340 1.2291970252990723
341 0.9992063045501709
342 1.1651155948638916
343 1.0363757610321045
344 0.8700146675109863
345 1.1060199737548828
346 1.1852023601531982
347 0.8510255813598633
348 0.7080636024475098
349 0.8994097709655762
350 0.8779563903808594
351 0.8429703712463379
352 0.8564338684082031
353 0.8864071369171143
354 0.7082040309906006
355 1.1145262718200684
356 0.8806958198547363
357 1.2075390815734863
358 1.0271692276000977
359 1.2991409301757812
360 0.8510434627532959
361 0.8716733455657959
362 1.170818567276001
363 1.188969373703003
364 1.1114356517791748
365 1.1332530975341797
366 1.1342923641204834
367 1.1118550300598145
368 1.0642611980438232
369 1.3091232776641846
370 1.0880622863769531
371 1.142472267150879
372 0.8676602840423584
373 0.8920202255249023
374 0.9135441780090332
375 0.859734058380127
376 0.9257869720458984
377 1.1106960773468018
378 1.1587514877319336
379 0.876659631729126
380 1.0048747062683105
381 1.1656413078308105
382 0.7374298572540283
383 0.9977283477783203
384 0.8554530143737793
385 0.987877607345581
386 1.1023478507995605
387 0.9813539981842041
388 0.7318322658538818
389 0.8782775402069092
390 0.882850170135498
391 1.583991527557373
392 0.9149985313415527
393 1.2342145442962646
394 0.8792102336883545
395 1.1619155406951904
396 0.9962007999420166
397 1.1163229942321777
398 0.861060619354248
399 1.1273417472839355
400 0.7137970924377441
401 0.8503670692443848
402 0.8543694019317627
403 1.1486842632293701
404 1.0753624439239502
405 0.9785265922546387
406 0.9078352451324463
407 0.9875683784484863
408 1.0948548316955566
409 1.2183325290679932
410 0.8577184677124023
411 1.1237945556640625
412 1.2286925315856934
413 1.1089222431182861
414 1.1431024074554443
415 0.8589992523193359
416 0.852186918258667
417 0.8686356544494629
418 1.2637825012207031
419 1.1337809562683105
420 1.2778828144073486
421 1.1998229026794434
422 0.7225203514099121
423 0.7092928886413574
424 0.891416072845459
425 1.3231110572814941
426 1.1550579071044922
427 1.0109765529632568
428 1.0045030117034912
429 1.1280927658081055
430 1.169015645980835
431 1.174285650253296
432 0.8954317569732666
433 1.2148654460906982
434 0.8696227073669434
435 1.041079044342041
436 0.9175417423248291
437 0.8710086345672607
438 1.1984918117523193
439 1.072357416152954
440 1.1285512447357178
441 1.0909349918365479
442 1.231128454208374
443 1.07554030418396
444 0.8888139724731445
445 0.874091386795044
446 0.8695261478424072
447 0.876183032989502
448 0.9039223194122314
449 0.8509519100189209
450 1.0206389427185059
451 1.1853163242340088
452 0.8450140953063965
453 0.9016857147216797
454 1.2288761138916016
455 1.1422858238220215
456 0.8827934265136719
457 0.996760368347168
458 0.862938642501831
459 0.8726000785827637
460 0.8970851898193359
461 1.5151381492614746
462 1.1318621635437012
463 0.8446445465087891
464 1.001662015914917
465 1.1772549152374268
466 0.8703863620758057
467 1.1467366218566895
468 0.898618221282959
469 0.9125964641571045
470 1.2095143795013428
471 1.128723382949829
472 0.9891273975372314
473 0.8553509712219238
474 0.8631026744842529
475 1.2165007591247559
476 0.8517582416534424
477 1.1255404949188232
478 1.107818603515625
479 1.0165042877197266
480 1.0409328937530518
481 0.8789572715759277
482 0.9826555252075195
483 0.9643514156341553
484 1.127030372619629
485 1.2752854824066162
486 1.1869680881500244
487 0.849818229675293
488 1.234736442565918
489 1.2517590522766113
490 1.1677799224853516
491 1.1345653533935547
492 0.8790514469146729
493 1.0921058654785156
494 0.8484020233154297
495 1.1264734268188477
496 0.8901073932647705
497 1.2440810203552246
498 0.863391637802124
499 0.8759050369262695